EXTCUR(1)  =  -1.50072550000000E+05
EXTCUR(2)  =  -1.50072550000000E+05
EXTCUR(3)  =  -1.50072550000000E+05
EXTCUR(4)  =  -1.50072550000000E+05
EXTCUR(5)  =  -1.50072550000000E+05
EXTCUR(6)  =  -1.50072550000000E+05
