EXTCUR(1)  =  -3.14234460000000E+05
EXTCUR(2)  =  -3.15744890000000E+05
